
# Define strings, factor levels, etc.

## Years ----

years <- c("9495", "9596", "9697", "9798", "9899",
           "9900", "0001", "0102", "0203", "0304",
           "0405", "0506", "0607", "0708", "0809",
           "0910", "1011", "1112", "1213", "1314",
           "1415", "1516", "1617", "1718", "1819",
           "1920")

years_formatted <- c("1994-95", "1995-96", "1996-97", "1997-98", "1998-99",
                     "1999-00", "2000-01", "2001-02", "2002-03", "2003-04",
                     "2004-05", "2005-06", "2006-07", "2007-08", "2008-09",
                     "2009-10", "2010-11", "2011-12", "2012-13", "2013-14",
                     "2014-15", "2015-16", "2016-17", "2017-18", "2018-19",
                     "2019-20")

periods_formatted <- c("1994-97", "1995-98", "1996-99", "1997-00", 
                       "1998-01", "1999-02", "2000-03", "2001-04",
                       "2002-05", "2003-16", "2004-07", "2005-08",
                       "2006-09", "2007-10", "2008-11", "2009-12",
                       "2010-13", "2011-14", "2012-15", "2013-16",
                       "2014-17", "2015-18", "2016-19", "2017-20")